Brand Name=dx
chapter0=true
SignBoard=700.6, 133.0
Stick4=995.9999999999999, 224.0
Stick2=715.0, 225.39999999999998
Stick3=956.8, 242.8
Stick1=757.4000000000001, 224.8
