Brand Name=dx
chapter0=true
SignBoard=688.5999999999999, 131.40000000000003
Stick4=1003.2, 198.40000000000003
Stick2=721.4, 232.60000000000002
Stick3=960.8, 186.8
Stick1=765.4, 195.2
