chapter1=true
Brand Name=dx
chapter0=true
SignBoard=701.4000000000001, 137.0
Stick4=998.4000000000001, 231.2
Stick2=724.6, 218.20000000000005
Stick3=959.2, 190.79999999999995
Stick1=762.2, 205.59999999999997
