Brand Name=freshta
chapter0=true
SignBoard=691.8, 130.6
Stick4=988.0, 140.8
Stick2=807.8000000000001, 154.2
Stick3=899.2, 138.79999999999998
Stick1=719.0, 216.0
