Brand Name=Lookwell
chapter0=true
SignBoard=692.6, 169.80000000000007
Stick4=986.4, 228.8
Stick2=715.8, 226.2
Stick3=948.8, 152.39999999999998
Stick1=748.6, 147.2
