Brand Name=dx
chapter0=true
SignBoard=696.5999999999999, 135.4
Stick4=926.4000000000001, 227.2
Stick2=739.0, 191.8
Stick3=776.0, 199.59999999999997
Stick1=708.6, 220.79999999999995
