Brand Name=sqweezer
chapter0=true
SignBoard=700.5999999999999, 134.60000000000002
Stick4=689.6, 258.4
Stick2=744.5999999999999, 244.59999999999997
Stick3=1023.2, 259.59999999999997
Stick1=987.0, 262.40000000000003
