Brand Name=abel
chapter0=true
SignBoard=700.6, 139.39999999999998
Stick4=991.1999999999999, 243.2
Stick2=723.0, 205.40000000000003
Stick3=944.8, 218.8
Stick1=771.0, 190.39999999999998
